35
0 344
3951 53602 28809 53941 48814 45358 11007 80118 28604 15755 35444 87833 25170 65211 1177 62860 35319 27615 84835 59278 42434 89805 70381 81264 86920 60041 20380 71381 54810 84637 5683 94267 72715 4731 6973 86242 65856 77669 89610 11917 3313 34608 46257 30475 91648 17983 39752 99650 80160 75458 54534 84991 34505 18369 83832 65316 35983 3342 95567 38494 34541 20438 67555 99630 93817 96897 8024 28322 79283 71846 45572 42800 83261 99567 19369 48946 59126 29655 14769 10284 52090 59703 54633 6093 96284 20886 40455 85982 8930 86227 52050 13782 52583 21671 71589 35512 37925 6600 62436 80909 1734 88953 45680 2500 93078 64658 37116 74985 41060 93968 74784 35661 41289 37567 87332 693 77763 67516 38069 23954 42126 89917 9027 50317 93442 30262 73467 50872 42332 6580 44616 32366 69055 42557 7292 50047 85336 12286 23462 42234 5610 92963 97495 26528 986 71630 38677 31633 22510 7180 76197 36490 39635 81797 13975 50625 12749 55326 30407 52906 86342 89497 63263 22580 51722 4290 39496 34373 72752 2885 82252 14100 56286 24972 38183 35197 40929 4476 80354 18709 12261 28683 62989 8602 50592 76166 44402 83834 43162 45410 80191 8351 32237 7072 43658 56984 27656 39973 92380 25592 44167 386 3066 40061 38880 67463 29026 29259 19265 63214 74214 50618 70371 52465 97566 25685 63100 66827 9591 30623 92730 44902 85368 36651 52440 98726 2797 1970 54664 91345 48125 4213 27863 25355 43297 47044 80092 42729 2407 60979 82801 9441 55913 58636 2926 5325 34352 33315 71126 37903 75179 43074 10108 86636 22260 30769 92397 77738 75985 45717 62548 96727 41469 593 47842 67732 73947 2846 50523 18877 23922 38182 74650 96360 80650 74370 53706 39492 73153 83655 26092 83315 18088 94965 7563 17880 32267 4374 37367 29628 56271 6970 11006 84948 9069 17643 86413 61524 4328 8674 89603 71844 80636 85867 90797 85809 41328 85925 35107 96613 85964 71970 98633 32003 60944 73775 49538 27998 41071 22599 27933 46583 7481 79315 81433 91865 4113 65959 50394 77895 49247 39198 78361 31819 79038 24867 58955 9857 64691 64075 37940 31470 31074 12421 
1 191
93871 52013 89128 58707 61705 63867 79187 55396 96254 21461 34941 61664 52096 30457 92344 14717 35066 38232 78346 75524 7024 90423 49568 35533 832 10632 70767 84236 78336 91067 88218 52395 68786 23403 37057 42548 34306 15573 77787 97712 10452 3018 76944 13872 75605 87615 23237 71981 32625 92801 19789 28205 57528 23440 6613 35798 87732 31608 63095 24778 75417 7488 42773 47595 85784 73594 62250 25098 86855 86247 98332 23195 19217 65744 60337 52947 28005 19598 35715 66257 63727 8155 37538 16133 26773 80360 90446 69916 78575 49449 87307 99992 7408 65951 10503 95719 83903 82272 86948 24029 92035 1635 24512 90038 64513 88578 54665 33270 41761 87749 79850 74637 31711 62374 60042 13998 34274 5193 19284 5001 11646 91868 60341 98256 67569 85084 61581 15231 24503 10824 59756 52943 30413 91338 23528 45196 30904 42330 41451 98736 62700 15067 23162 5029 16012 58385 71704 88927 27505 1143 73040 99897 98219 67861 22281 9310 31484 21107 48266 43963 57306 57438 96227 10004 74509 42013 13488 29694 42666 76801 27478 49920 74301 39012 60662 83730 56547 48013 35534 6634 72367 13602 57632 22257 16552 99581 59588 51880 57996 9748 10478 
2 42
4967 31577 20417 33458 94531 25309 28336 81648 18725 14231 56751 40238 91892 46105 92753 80121 75008 61729 3694 15822 22850 37448 57618 990 94927 80013 29076 15378 47713 28678 9816 32282 21110 63065 7988 18731 20070 73076 94929 4797 64189 59076 
3 180
95207 42871 97814 54174 43225 16003 75469 58029 83803 21553 3441 14297 58353 18435 57108 10918 93333 57479 83466 66113 68437 80494 54841 70555 48486 42128 81702 36759 36400 67278 27695 59104 21200 18151 84615 44377 73624 82935 35886 65786 52580 99447 64947 80309 99468 50847 59966 89308 63000 56357 59357 11266 37342 89820 39257 17159 97028 29482 99106 71812 91331 81346 46044 30058 39828 58013 40669 49288 31286 52245 47794 3433 16930 57446 31385 23645 62652 53009 99576 58135 58996 2672 8942 96556 61546 62252 82055 60957 34005 94767 36317 35404 3182 96173 33433 82950 67101 72141 46892 49109 87863 77965 16606 39783 32724 81436 90944 53807 15600 53186 89708 99439 91140 60005 40647 39813 58824 46022 12313 15783 14165 58173 22092 33851 90174 8265 18150 26969 67221 46298 2044 53018 10564 37300 4680 44217 72235 44756 86548 92469 23114 52652 39655 12927 54311 10713 97069 78340 47721 50474 47098 72246 12452 83251 80930 37991 29278 70219 86353 4901 14314 75468 80466 64046 86070 76760 6839 54605 13093 62796 42482 52823 44635 98197 94287 91679 73607 56487 70134 93798 
4 179
14716 80830 81122 29599 14304 51836 60058 50258 87330 38590 10566 10378 66572 77231 93704 99850 22452 47642 20618 25789 74405 12769 45667 45298 63122 23155 2463 64104 47828 62125 6885 31696 70830 798 9276 22464 35998 46852 10649 54536 11444 57020 70126 31583 25886 28646 13459 97178 23637 54036 88317 18401 26391 59690 99684 74155 99188 40849 81065 35017 83249 40721 94789 78140 20872 44206 42857 13949 14317 21127 34571 10722 28776 82428 69785 49423 60389 78370 79514 19523 75278 45270 4502 6229 10958 60691 36513 76326 60243 90964 26777 89579 72571 23982 98807 79448 46124 29237 33439 83815 48298 72166 63942 22547 63354 35357 12738 74548 42828 53674 91180 63539 64364 2537 99766 67907 17525 59459 60967 7824 57862 15220 37790 82523 8254 52775 92762 8822 39300 67829 71074 32918 57641 95670 17981 50355 31966 99251 67576 51254 76762 84368 32193 96005 65420 90954 98057 3510 10133 52890 44085 500 81835 61781 61491 60952 18929 86652 42005 9214 34882 65444 55115 18817 70629 20595 87841 57089 8963 8058 48250 67940 75201 92524 55431 10270 15042 43972 16924 
5 169
77091 21103 38077 2438 40260 24862 60212 22609 63062 65616 91065 24656 53033 98439 51534 66802 89836 12689 89563 24126 34176 946 60960 45273 507 99343 5155 84843 50987 43136 48386 45218 66295 35349 55727 44447 1151 63060 63209 31331 58082 98733 77979 28399 89397 88535 45137 58087 24906 32279 99423 50505 97851 12594 30427 8369 3926 87182 62827 85840 58285 37178 13035 92518 49597 97144 78509 61769 36496 52534 40395 19965 67607 67591 93154 40476 27074 61989 67882 15209 46051 98381 5302 2041 37686 84668 35008 65792 58914 4830 28799 75696 45691 15140 66601 3940 74693 37217 16934 2569 23530 85659 47342 71722 78892 24018 78215 64685 74167 9964 20225 55119 44977 61703 50788 41400 27963 42461 72911 5283 29451 92727 8401 5022 81781 6764 18230 12468 88568 1555 90347 61437 43825 40488 56891 43433 34043 10897 14937 56438 8797 1120 7243 17734 1716 52335 42071 78864 24058 4878 71434 33414 65479 70753 82939 49052 35796 70653 64565 33777 44826 40240 73482 72719 54070 13450 91091 29811 37624 
6 161
90772 80328 31318 45165 34230 70121 86454 54681 13776 13179 96654 39414 51851 83620 49272 1512 23172 59098 1314 66587 30435 53236 51029 58148 92291 43681 66305 29534 44055 36822 59349 17066 34106 72115 14734 19403 1972 92957 57203 33047 73384 61761 93070 25892 75999 60754 92829 82117 97551 25845 13965 81494 55748 39759 28836 66046 8840 36648 58551 75874 52344 54052 17370 56340 52672 19913 50266 88097 63824 3475 82665 47441 55803 49378 13607 71020 61010 1202 63691 65382 83437 85864 26361 68811 89658 14000 16390 91321 81603 51790 87458 33360 8417 93535 39325 82237 13692 2746 94432 21394 549 38100 86332 1246 4349 67461 49718 93799 50881 99857 53700 24858 95094 20519 14510 13812 77682 46414 36480 61131 2619 53392 52798 82917 98823 67262 38706 50711 59070 27187 12574 40293 10714 15825 63615 27357 36020 91430 49857 68744 22808 73662 34345 76920 22232 92884 59067 40306 71954 82612 3455 49436 61868 96889 95667 31067 76143 82949 50412 28422 91970 
7 158
33118 95150 31801 45936 98533 77021 88170 13721 20035 33086 51537 49559 73285 72984 70343 55610 90320 78238 80107 92979 5438 71728 30436 20 70857 47178 70769 71328 55495 15829 96980 45381 48248 49231 12230 87916 18730 3684 64488 21637 11578 31007 83059 11803 15406 2595 88716 23873 598 4625 71137 75210 23689 95126 10684 80522 99380 14661 11081 14575 95139 28078 40956 55805 95133 53956 91396 43898 92566 14906 95101 35358 49120 41423 78467 36827 65072 34995 15797 83629 92947 51594 41371 7276 50642 80887 67583 911 74304 81962 4178 24954 69333 47904 5948 75688 57120 79896 38237 8404 70880 43103 44113 79108 89295 80513 6381 37174 23995 37375 7992 82338 61185 98510 41620 22124 66005 97823 24103 70050 74027 4759 28118 47706 51238 23266 53235 38007 73471 24486 10810 99321 18983 56089 26576 56231 65095 96985 58708 95025 21067 82477 819 68528 45419 96460 25556 53571 56691 44752 57380 67809 93536 8748 85854 86538 36173 82057 
8 150
8910 39123 81498 83340 80723 98639 36263 27148 54977 95679 68750 95311 1787 32146 94549 26499 84529 19465 29457 82842 9157 49133 63072 15766 71153 78220 41030 42769 59433 68293 45945 37171 79418 52227 76554 7774 64473 19651 73556 9358 3693 86758 10745 65890 39985 79125 62365 49127 3046 17757 62671 62813 94495 55297 54447 31115 10885 86507 16081 24654 80408 82835 14503 60885 21782 24328 98198 59667 26497 70032 46785 49622 72437 23957 40713 28406 78801 44877 97756 71694 39637 91434 96462 12540 55920 51206 79998 89828 76938 9192 53897 7121 27513 31970 34812 47436 80252 39495 687 67581 11034 53001 46605 81013 94807 20778 76266 40848 10019 75049 51380 66380 48529 67853 21350 62654 67394 61053 66863 16805 25518 43883 65109 2742 37185 3894 56358 2026 15956 69799 91531 5972 44366 71454 35713 49375 77929 11084 90853 82245 62861 80011 54548 70189 69739 95522 81099 36488 94025 53275 
9 121
49918 51333 61072 62101 71596 37384 70758 96945 2637 43622 56859 73792 37591 49508 14719 77792 36079 79091 22072 774 440 63906 59200 79768 72000 30912 35210 16908 86349 60314 84516 27652 97043 43302 63129 36130 98835 18195 37575 14030 29982 61494 55213 20547 26265 15266 87159 97122 87391 82165 72772 56462 74078 85995 10018 60031 13669 21253 56608 77799 54739 18740 64720 73889 94373 11281 87693 27808 85344 91316 34020 85627 85594 5702 51351 93949 87781 82632 24507 34328 27951 15585 31675 60835 94359 61098 53130 75089 94579 33749 93890 67454 34593 85938 92324 23941 39295 75633 48135 15223 11567 80867 89933 1156 2951 28593 21228 41680 75525 48318 64922 26493 52267 19615 21884 2360 48946 57306 57664 34007 23910 
10 276
88451 45531 576 6100 51502 42416 31021 85654 87189 96370 8427 43686 28920 46376 15481 61714 89312 84146 40921 42793 78267 76430 15393 54106 25116 84316 60920 25262 85747 95583 30029 34993 40416 44857 69427 28921 12367 86896 74541 59708 39311 95392 79388 17202 16027 57697 36378 50032 85304 30551 57287 99763 25617 58766 20333 39921 38181 20422 10167 73988 39327 72441 24407 73101 83449 85242 14911 34244 12571 9087 5675 999 85606 30867 56470 84300 47077 725 64399 45269 62063 86294 81938 43237 55627 34299 20172 68921 30388 50120 6133 95195 78903 28204 15233 46942 93513 48460 10828 64589 34944 78842 37307 13326 18732 54338 93641 56941 87352 74469 45226 46615 25459 13134 30056 92120 7318 47710 22566 77920 31669 55825 24098 15000 93354 12129 12953 73676 45988 71504 40126 42445 76808 15043 26365 37181 36391 4615 69080 79570 14129 77717 69463 45235 42668 6953 31350 30612 90969 78594 49479 20323 74119 82184 4741 7745 48598 26319 86156 84242 9735 76568 86370 46702 6520 81383 40324 62015 70825 9156 2296 22431 168 59091 31629 3972 22745 33057 67412 49365 36546 18345 21832 40743 72225 27716 16703 30688 36403 86880 5693 59587 32740 74115 53072 27121 31546 60939 77223 89342 99956 22742 9363 37524 79926 93457 82970 46711 39219 25963 37446 29249 9989 70303 89592 65059 15159 82662 18290 39445 63480 36905 72644 97309 67606 74933 57983 77069 44294 23646 6244 67417 88671 18079 47565 41449 47856 15703 7905 62351 95880 80657 38095 83125 29379 9504 4257 12068 50442 50281 17268 7708 91079 27934 47629 17359 79211 79827 36650 19831 23021 14238 50437 12427 90872 74720 23505 88118 30884 95090 46271 23547 11783 1352 77921 10798 
11 133
71817 45863 89912 9292 55622 94540 9447 14221 16192 74610 54478 30135 65337 50268 68135 77427 53447 34797 65205 39381 70550 33656 26035 39321 51947 62738 12830 32896 95002 91163 55550 42114 43021 95909 93060 22172 95370 22592 57442 66759 95954 76203 99116 2668 89340 94426 33356 20716 42869 3496 31130 88079 71473 60070 65300 4961 4757 671 42214 3349 80034 59254 53399 57529 7123 53468 6727 4431 66501 18989 1913 769 23275 87287 68595 71649 17998 19812 21297 31685 76713 48350 2758 82202 8180 50247 42196 29596 1432 26742 36667 64604 68927 76471 54030 74430 50940 98677 13610 85458 8405 80329 99272 19205 27987 18772 53751 59377 30217 50145 43000 37238 19985 4629 40650 80700 84939 49619 15532 8927 84251 87124 61189 74029 73750 83762 92889 30295 34986 7852 21057 61711 15055 
12 124
98295 43202 68806 96092 29785 35398 59710 46326 13317 24411 37143 93190 91612 65567 55531 72475 55510 25312 16569 96508 22798 3893 12653 94042 50634 58245 29943 29552 27344 68736 20543 59281 53885 49524 22382 75669 9369 42730 27406 60974 35270 76646 59751 88178 60605 1400 54303 15632 86664 8238 52983 7790 44570 96136 83841 85490 82594 64977 99070 21700 50948 34953 59422 17505 67208 52216 18501 20919 857 46482 74040 78329 39015 35323 66663 19602 22637 94665 78145 12610 78925 85531 18702 81461 4059 51197 4160 56179 80151 18965 42185 11935 53167 26002 92619 42154 80052 33262 2587 13735 45311 18915 13553 11491 80094 1596 78719 35850 14563 88541 23190 49147 90696 86086 6677 21825 36347 57757 57330 35272 64071 86755 26929 24226 
13 2
27540 35977 
14 232
1968 2938 58155 98414 92468 19019 43543 9458 24625 73444 55925 43779 74619 12177 49576 97696 26927 95454 95458 63256 49379 23758 84153 72065 18069 78629 47959 72217 42288 16841 32644 22302 7921 18857 20268 87879 1932 65062 81179 94230 21286 11990 73009 75463 91814 23233 54065 90399 86532 2625 9684 90912 10910 61447 71146 75088 35580 87647 75947 42697 83438 5453 31658 85107 44847 74402 7329 70565 48305 51709 19350 91467 17597 79791 47396 8324 10111 76609 4142 21066 7494 68409 60846 88025 94606 62804 46011 75879 41422 27805 28950 62979 91649 87652 74436 3085 1920 66087 42305 57773 67927 46980 14198 46386 14861 8134 51080 76451 80308 28025 33114 665 30438 94416 18012 91002 94599 83585 1643 11120 7382 11408 88598 93754 84742 75711 76897 92255 932 18161 21603 23312 87911 13862 95501 29953 89729 27838 69955 82916 48561 75399 36494 47453 6875 3345 14234 75207 82445 53654 83139 3531 47240 20885 23769 43370 61250 69252 31206 73800 12209 81158 18881 46881 84768 84072 3514 6060 85613 2636 43241 92913 64971 21768 67345 19024 96464 41117 83430 53499 83418 5231 63230 77024 31409 50766 2363 37632 34426 55883 34089 60998 16565 63629 88311 11674 81800 6108 3112 57127 17850 78510 31162 26530 93413 47387 97442 26073 55382 12848 56561 94046 71783 73513 32304 10407 41233 11247 54285 6243 42097 69919 62190 39065 9596 91508 90441 94822 77838 22231 33305 5417 
15 52
74080 4021 72969 9016 17290 17303 44833 26991 41329 62894 12479 99087 70169 18515 10501 26268 90172 13566 23511 94771 5588 11840 76142 80815 2377 26406 75048 60533 52785 87654 66024 23109 21800 72094 38930 37098 93042 89491 64708 71984 95922 73713 57642 21254 60303 79324 62347 14554 65137 96024 53039 98349 
16 103
1374 5259 87997 9434 47273 23843 25288 15493 13654 54986 99004 44870 31001 44993 42799 86053 80654 76488 80932 50310 54700 10565 7320 24076 95683 2649 78008 28842 31177 56314 89860 97809 41307 41057 668 20217 20449 55094 1537 21668 93553 86513 7497 75544 11584 24457 62057 58015 46752 58638 27411 62233 43930 97884 30381 41404 10232 41023 21816 14823 1084 87110 80795 16585 25958 24576 54747 23501 18885 79960 25049 56034 4859 53250 67627 90599 65878 32637 33316 80356 60320 69747 30622 97405 40974 16781 36744 34547 22955 63138 27498 69081 44661 47940 17794 259 45052 44663 53059 5382 96452 2023 37410 
17 194
45257 1075 40628 66431 9494 54346 58179 12761 2883 57031 97155 43542 21039 64471 1375 92422 13368 23586 40771 17022 44202 1208 82436 93812 89017 55693 29555 56261 79528 48986 23031 32998 1676 41957 38975 838 74398 76206 72047 24725 25555 7099 16466 6462 66474 69844 40695 66744 13807 58614 20101 60650 48497 8856 77078 26856 61109 4490 80649 8434 69707 34249 80808 35595 42969 43758 95172 88110 86766 64074 45815 6625 63203 64630 99972 18524 97369 22596 42473 28504 86571 98799 90720 80226 89776 8923 9711 43839 87846 57262 40099 28770 66108 95859 94141 51414 15212 45392 34977 78454 85888 59233 63255 24724 72784 18883 53958 42387 38879 20111 94158 78596 87428 88033 46116 87792 13322 4974 24612 51143 83220 90044 29925 26097 25367 11596 73846 68226 21641 35503 84283 602 48275 36109 30762 97204 94971 30239 19144 62907 49851 17536 18025 73534 56353 51340 48175 61126 65942 92816 13041 21007 21272 95623 40780 91946 69430 64259 35411 98775 99491 18906 13287 54453 12725 31762 58810 30193 69965 59288 63271 21609 69295 86323 41308 41044 87135 44791 28225 37637 88155 34900 34915 19125 43222 48214 95571 79981 96489 2110 24675 99689 93184 68150 
18 174
91656 65553 50977 61192 99743 72008 80708 43167 96879 9063 93222 42993 82885 64859 37514 64923 65893 70596 23826 72043 58089 22694 7009 56714 27307 39250 82652 83966 34185 61666 78218 45206 10619 85811 44156 76327 12079 57191 75502 33960 73935 6527 3985 26961 23676 26323 15202 76964 68664 61492 96793 69748 94175 45887 13098 18293 16862 34443 71946 69670 33717 6173 73823 88777 47118 57864 33325 90274 63304 14954 43401 26225 31182 29138 40425 29113 57361 82373 69242 85923 28176 76668 42825 95510 6762 33141 4437 47697 63944 42237 96762 19431 84545 78466 11404 5770 84571 658 50126 3418 39108 22756 67920 79560 15763 69599 31166 42396 71205 94775 88846 10540 45096 48023 64212 87500 32055 71056 46832 57852 20465 3895 27639 31268 89851 17462 94241 48867 64905 63764 33890 40871 202 64739 25482 44328 16557 22000 75875 37195 95798 4856 12435 32702 31165 90390 56296 24171 52094 4121 49194 49609 59095 48015 98401 9347 41358 72418 68058 5147 47122 77529 37535 87013 92918 51739 33913 23558 45342 55372 54693 87001 8752 66799 
19 80
87804 55807 68672 50583 49777 77568 32674 60482 54730 90738 95273 95440 58792 72748 76593 48396 43439 87898 60037 33849 24792 31553 97261 66779 27547 42987 55726 99663 52677 16584 63804 99751 25256 67725 27713 46611 45370 18631 20669 17045 78143 10914 65079 20680 41495 34537 51023 67087 12750 25752 17037 73409 67810 13844 13489 61567 48869 907 64381 72106 54371 67206 67353 1282 18010 98049 76802 44088 74670 85909 96566 9514 63981 82501 97325 97541 81010 53840 88420 15675 
20 77
87670 6887 11759 3247 2939 85615 27095 22397 69067 32866 10288 75812 46418 20165 30717 17051 99216 70603 162 15045 36339 55246 91341 50102 46954 50732 84378 98849 43545 25003 69326 76655 76295 71505 29235 61443 96020 4469 31139 51823 84373 24558 35016 56322 29644 88442 99016 93110 99589 37292 7440 24741 87764 65383 25290 73703 33207 32321 57635 60279 8790 76950 72024 79116 70650 47688 7890 56090 85919 61468 29089 98434 39858 61675 55231 13394 3920 
21 150
6246 81491 63175 33763 90995 27488 88989 63215 1710 8796 66247 23791 78154 79214 77613 34691 81066 59896 92674 74854 11193 46222 26677 93343 90824 71370 20207 92999 50730 11337 37701 43956 26496 90943 96417 45592 4416 87838 20824 1169 59691 77218 52028 66387 10676 34129 76219 39702 15604 83485 49258 92168 46939 9592 92058 5006 17236 94069 55831 21280 76677 93796 50460 69990 17053 81896 92742 99692 77397 22307 49916 41394 77537 80326 12136 66644 36135 40890 46246 83318 52359 97738 2720 29104 76606 21223 82344 10263 68085 22343 24365 41346 13321 4219 47558 7574 68562 23317 62828 8107 54054 23655 91218 23396 30644 62922 80597 47930 6117 30487 27585 73730 30855 18135 63938 44596 3337 33049 62839 2051 61863 67299 81319 12369 59246 42165 4058 37688 10624 29198 31548 7501 20251 83672 13390 1547 82199 57915 922 48205 77201 28138 51209 39541 22090 53154 84149 62329 30104 22216 
22 65
370 24274 8935 68571 73075 35839 34708 5177 81449 19692 8244 18334 37469 46489 79700 74666 19783 6444 26285 360 84526 41401 58689 58985 82379 2614 52109 13921 81887 78334 17725 65172 11911 24327 79285 4845 64311 69086 87451 20530 57278 52102 1484 21534 70480 417 90851 45766 9421 41357 83009 71199 29352 48274 48809 62209 41665 74413 10324 70369 58856 21519 46282 62534 94890 
23 64
71237 49586 828 6991 519 39629 8932 57563 90837 97963 69900 70149 15363 52713 30515 10477 38372 85204 86991 13925 27299 85142 52401 41234 60914 92839 83254 72134 47373 76251 93826 53801 62262 41670 70685 64426 2504 8573 19143 70233 254 35373 74664 63864 25452 64256 2763 22997 4093 73710 96364 89449 83647 76826 63986 59607 93925 6456 49443 41086 11452 54998 21372 48535 
24 108
53086 64216 12157 65966 37544 15241 30426 67476 11379 44118 93518 41440 34659 41466 66529 91770 48168 44512 52861 57530 77008 80884 40796 85961 44116 74083 86479 61671 10246 50717 1460 41805 49464 46500 35663 5424 34227 63420 57054 20526 19917 11396 57421 24468 97311 61403 26277 36853 18389 58704 68383 99585 57363 1209 53962 10675 34763 53686 52964 59034 79726 50425 64677 74054 60675 37966 53984 78069 58035 2620 26771 36376 94370 31907 84825 23374 18706 25894 19517 74106 34878 58569 25373 58000 69166 78064 76560 10479 5467 89272 77713 22717 58869 58326 83546 16276 89341 88361 36138 85196 15633 40047 21325 74458 82340 92145 11800 17210 
25 47
84623 14740 67897 52540 4085 88113 92453 55072 22455 2233 28114 57340 43358 9626 75111 10086 64449 81291 11683 31396 20283 98126 67552 59807 70560 94974 561 6573 65977 52692 68540 99792 51205 83395 90224 83780 72337 843 58719 54879 2931 49135 42929 67573 32086 2236 87067 
26 38
95408 44325 86788 56977 2310 54188 93743 77585 5360 64515 10013 2373 65706 41836 4697 72167 28224 48061 60531 85260 31213 81514 52091 18406 4836 81743 8634 54467 47293 58238 93913 43637 23838 3353 51765 53060 27409 11831 
27 74
11962 48688 9444 40689 72891 11489 18210 55834 2425 61488 6556 58487 60881 5837 13614 48201 31041 1387 87437 52942 95971 63945 72794 71449 60194 15275 53221 66789 21533 14915 19912 8551 65100 20142 71562 89356 3037 52098 6790 99898 47310 15517 36395 83355 1477 51399 23675 12091 18349 39425 3036 61839 80607 62938 47708 96061 52648 75837 41375 99182 27164 73124 20729 38818 70204 25093 35985 54093 41306 58666 50588 57639 33805 59904 
28 56
94988 29589 97677 2400 18920 50221 71187 18683 82336 16770 30264 65789 29901 17594 92264 92459 46587 64667 43862 46499 85889 86964 72902 13201 84312 21500 87780 20486 7734 81330 17584 30750 956 99507 44903 41067 29042 69324 44455 50307 75419 40733 96444 64697 91492 48660 29888 44211 23815 58542 24905 2300 71675 52613 97254 4492 
29 25
20784 74075 86821 28421 49417 90096 37515 27010 40204 88351 37727 69937 87251 96253 42465 98320 34455 24262 39188 92416 52782 99150 6489 75396 45329 
30 19
17228 70543 20834 51566 84019 74817 53586 11460 36743 2533 99583 81945 62833 38702 74656 9443 20228 29647 73689 
31 32
84387 48614 32206 72377 49970 9712 8279 17689 45106 96263 43896 76474 67827 43305 96574 27096 40671 7206 4564 32030 59371 76002 23038 4283 51582 88695 41167 97170 51788 45368 80747 67839 
32 28
50311 30094 74031 28638 53781 13621 85411 55932 74624 35495 91126 86473 45394 40315 15943 33623 10661 88279 24047 58363 92837 95726 25900 90386 45812 12820 86275 26396 
33 20
27073 8608 27785 12405 24606 30964 1667 81419 39007 74466 37500 52338 97919 60906 94172 79483 60949 45142 2789 62477 
34 1
71462 
