197
0 13
94192 88544 94356 45608 96767 91997 1599 82022 45948 4346 6990 70546 30723 
1 19
81515 36109 94334 57868 26185 30294 89494 22277 32904 51943 4770 64718 43193 54693 4989 75323 88985 13706 50324 
2 18
16023 35387 7100 96619 11192 81548 85500 99122 70281 88815 2833 86566 29805 70856 9041 95109 81874 59105 
3 14
6008 49233 54205 93556 4982 75988 68679 73436 23414 92770 19769 28715 1441 43193 
4 12
89089 50423 75782 24927 84490 7521 88055 39112 7431 3437 14116 16808 
5 16
48874 90613 30091 70553 47081 98759 14459 86009 31929 83777 62891 41431 34776 32713 85820 69906 
6 15
47182 78614 92011 32000 52588 76192 7756 2535 76032 40065 46 27549 8469 1006 27899 
7 20
40419 22656 90821 95812 37092 47086 71696 79184 32082 17095 87022 37050 12603 63360 84296 50744 21142 27984 37266 70688 
8 12
26670 16557 71854 6488 29784 9995 44699 53591 82683 55075 28843 47723 
9 19
83907 31528 35949 67053 38744 75171 90178 23584 64402 83380 95375 21205 15538 73654 51373 91115 18888 32264 72742 
10 10
2967 36199 42576 40578 25447 24649 77591 38822 12532 14256 
11 18
29132 74826 58221 77382 4869 36879 97198 67649 27005 82602 8607 83794 46556 87231 51837 38257 70210 73881 
12 13
14869 79461 19620 23189 45929 20226 42296 74644 16384 4986 3072 34570 37212 
13 16
14748 19001 34910 80593 33975 65060 22579 80223 92709 84405 90680 292 25167 46105 59458 54831 
14 16
57106 92796 27676 7166 79169 36842 86966 29824 24976 10793 12947 70476 33620 42278 55357 46235 
15 14
1051 17740 97244 23394 34990 8913 59740 17745 2196 21436 29618 12330 83108 81548 
16 18
45060 59477 46573 65538 46212 12081 31044 14484 40720 66289 69365 78933 45051 80933 21273 86246 79317 19163 
17 11
96442 45853 16957 29228 55850 260 25571 44591 7594 51970 72496 
18 14
52395 75224 35169 98878 80302 64396 52255 56601 55842 73308 69057 29586 74997 74125 
19 20
57153 2596 41297 82303 77516 53043 53181 59697 34109 33832 31923 15417 289 10987 62074 45938 84845 50289 84320 54031 
20 18
79689 45286 88220 54544 82710 37314 92494 17453 60514 83263 6642 46404 70902 21904 54112 68344 99671 56269 
21 11
26628 12190 35891 47189 49514 64318 3458 90246 12966 68435 81905 
22 12
52246 72092 2491 22817 93602 44960 61262 28374 75945 92610 82315 82744 
23 15
33589 51430 21213 37676 30360 98955 74428 26113 79922 41636 47054 26317 22914 33117 89639 
24 20
51615 264 79114 1864 17724 38835 47774 44558 88984 90615 68370 67938 29104 46741 33209 37301 62132 480 77741 46348 
25 13
69060 16523 31263 8959 97951 14449 79583 60620 87786 28562 5898 26816 87370 
26 11
18513 31193 57812 28825 89591 36834 79353 55793 38644 21296 33647 
27 11
6037 60124 60997 4210 47183 26450 31660 62977 16616 28774 68826 
28 16
78067 90587 89282 31037 97303 6372 73030 15591 60398 3516 4431 93781 8020 4816 95507 85083 
29 18
93750 80532 77682 66311 68449 12708 33042 69361 80009 55674 33336 68691 77350 99675 97733 50056 23600 69534 
30 10
8490 60328 2933 77688 18368 79533 56455 20501 82894 38354 
31 14
22987 51917 54387 76529 72520 41476 79809 93376 13425 82457 27105 81525 62359 17547 
32 10
20014 93731 50751 34352 90270 97929 80734 41228 60474 38606 
33 13
16578 34019 68835 52455 65864 69331 21653 14856 92382 67446 79505 37618 30297 
34 15
89682 58167 34868 54026 37051 6351 88521 94768 27800 78776 66243 95869 22903 97750 83619 
35 10
23008 39949 14697 17816 52920 38402 34846 16035 45746 7718 
36 20
77963 59274 73880 99914 89878 63319 2357 78426 38217 99462 95899 30060 26656 18738 46868 35593 19921 26631 43003 25237 
37 15
87774 75287 48474 72497 72136 51214 35308 45921 5214 23993 49544 56840 84584 47505 27304 
38 15
42521 61902 734 96167 97654 40183 21768 45134 92416 40728 5620 21305 51190 10335 8915 
39 10
80241 70955 6160 40361 75554 52877 51883 83488 42324 81581 
40 18
80961 74784 2068 32351 96238 36966 35481 54496 67314 2214 54819 72243 48977 18317 71595 10041 56150 55044 
41 14
96798 86914 23935 3373 94664 14650 55220 45821 48148 7546 81687 12876 98655 48005 
42 15
89954 75269 75467 5504 37126 93173 83940 64401 8725 72038 29654 10211 4919 65467 27005 
43 14
84667 28951 5579 84351 54371 39292 80189 40922 34357 85041 17070 12029 76079 1300 
44 10
41077 68663 47089 70619 42293 5774 42450 44184 55186 99995 
45 19
58149 75469 5047 48669 21814 98282 93604 98809 57568 64975 20500 26758 54179 48991 70497 74095 85937 10583 4932 
46 12
17495 60840 86148 70560 49565 1130 32725 2364 91066 96398 74102 10254 
47 14
40678 56843 73541 13740 13417 31594 98468 37406 88949 82166 2269 27863 75264 20888 
48 13
23765 22992 25194 35013 36919 83383 60186 18532 67080 20457 54540 97064 58936 
49 16
40180 88974 26899 50600 99402 79071 35301 3282 11201 85191 88738 54114 70836 91945 26234 81299 
50 13
29395 10110 61638 68416 39797 42774 25630 75002 18611 16855 41246 84778 17550 
51 15
86536 44207 46326 41132 84968 94821 30233 1232 80425 7612 21756 29380 56863 24139 45737 
52 19
78912 81132 82886 97294 58885 69736 18026 27381 79233 58568 97618 36808 47297 99295 66143 42359 79254 83658 81158 
53 11
19871 45897 2478 60488 1061 70968 67042 56156 61098 27198 42293 
54 16
67037 84312 25896 13920 66803 72890 42403 52778 1443 50638 97254 81349 16396 49211 24468 30585 
55 20
52714 37240 34149 79878 30930 30150 88101 95128 26334 13647 12794 49673 88825 2612 2172 54182 44334 462 68662 86566 
56 15
73146 1975 10723 98966 73709 38063 41616 44576 84270 28047 23611 50165 5487 41258 80656 
57 15
8238 28989 8335 51330 94422 38013 65665 4593 14344 15748 64713 45617 86607 61102 73651 
58 15
73007 29746 20337 94469 38991 92131 54095 4043 76612 44540 82981 17962 86222 45516 26116 
59 11
31042 26167 11293 25403 92948 50747 87610 31352 31296 93898 67259 
60 18
56812 8637 72477 17013 46319 40806 70657 5240 82467 28871 94087 59363 52034 49316 83752 69273 48671 5746 
61 16
26401 83635 10448 17897 30734 22628 26630 270 91850 91434 4280 78493 81777 99911 74641 38128 
62 13
32276 19676 38034 65506 74295 50167 88391 24209 33960 34883 55153 25446 50224 
63 17
23223 25008 55968 33416 88126 63248 21716 30165 45240 93113 16242 34920 28879 25965 92940 77140 57221 
64 12
11463 13012 60687 24964 96345 76638 60409 49651 67599 25621 63368 71728 
65 14
38890 4722 18896 38511 53992 21926 17981 36630 90454 24590 59303 57220 57130 44760 
66 15
77667 54391 61868 56934 49758 55593 70205 69045 72416 15998 22348 83824 11335 13197 26607 
67 20
97380 10379 80138 17819 38474 53171 78606 23088 96609 19160 43532 29957 3776 56251 8420 70823 43389 97315 66461 13875 
68 13
57548 62543 66584 85163 31459 33438 79229 10197 35280 5298 73468 8566 94481 
69 13
61389 68154 51531 84681 86023 24952 65739 92147 5808 11810 61912 52387 35067 
70 10
23731 26928 29436 71576 83527 64567 9993 76432 6291 31812 
71 11
70663 85486 74881 6349 48167 65594 39726 75600 62816 40430 75318 
72 19
78903 86298 89314 46450 48253 91093 11162 4881 4102 54942 91784 59615 12452 17698 60433 38635 16099 63639 52737 
73 11
82289 20938 78262 61346 92750 76043 69928 88601 30379 79103 22148 
74 13
1629 42042 56128 20945 99556 34196 47298 17935 67280 36552 11804 52742 65769 
75 12
72551 43652 28823 22522 43815 92243 80304 45665 65236 19632 28878 90752 
76 17
19617 36898 1634 71229 77142 98446 66622 54818 42055 21821 7302 95928 67143 99304 91509 81635 46769 
77 16
79616 73982 69743 3940 44790 45201 94272 26220 95141 56177 96432 70261 65743 81909 11143 11920 
78 15
17734 12249 5862 14333 25401 6719 54051 53971 51814 43271 74517 20552 53839 25169 7306 
79 13
5547 40712 20294 15601 95827 81522 68010 9743 3069 34003 17409 92238 75224 
80 17
5458 95825 46553 80494 17457 46439 81956 92650 67483 96007 37356 13772 22662 12030 37071 94117 96285 
81 12
40496 50496 46586 31915 36541 62136 50891 83633 84897 10508 13133 44840 
82 18
80234 35441 75523 19844 56986 14052 5893 48471 7065 21704 99404 13415 22224 63147 29937 58931 48886 31572 
83 15
28287 31628 96069 41578 72666 13463 65409 73003 68141 43912 83179 85294 80483 17989 20825 
84 14
82737 41018 90880 45810 18411 90842 37440 82077 18348 90543 71298 33692 58794 37438 
85 16
19037 6616 83166 86169 64587 89512 77360 88729 92115 94608 31742 70641 53981 53643 15863 59997 
86 20
36423 10795 43935 16121 3767 41539 62883 62817 42084 25588 47605 92133 49254 7112 85049 96175 7957 99786 40976 72443 
87 17
98751 71808 5534 2467 57561 34907 27257 41079 50480 21592 85988 78681 50554 25699 44709 28830 98047 
88 20
92257 9925 71517 64710 83567 26920 13921 16584 30039 87879 95943 28074 15842 42841 8235 85299 83687 16004 96717 2478 
89 20
19252 28626 72941 88628 18455 29904 82939 70486 32438 5836 72340 39105 43448 98228 74429 75415 19047 66447 44708 93351 
90 18
47964 72951 83735 1478 23367 74876 95721 37135 37417 64411 40872 52541 95653 84496 20587 9142 30424 65404 
91 12
38927 64959 70086 71046 88836 55882 4615 65828 62289 23080 45233 94831 
92 10
73669 87154 33545 20672 9131 37274 57354 42710 23932 76538 
93 13
84902 66888 28596 4096 24351 15573 35757 75406 99230 27779 65081 96941 75812 
94 10
77339 87974 50346 20853 55136 25513 10541 63335 30997 49421 
95 16
8874 7894 73754 40182 12691 18287 19764 39472 56045 60413 33411 58970 13609 82406 28427 50831 
96 10
70781 75670 64405 17801 98580 47636 28444 18674 89929 23281 
97 17
89792 17919 58859 43486 68520 2920 245 51506 51358 47920 23593 66523 27478 82800 99357 7252 38272 
98 19
26827 12862 3001 74203 63141 42700 55650 73377 6296 64688 13795 96616 46925 91507 70163 13143 6464 72853 4622 
99 19
89918 13297 3713 50722 29369 72002 25149 60018 95493 31486 86942 26327 3811 82110 26285 44803 67664 18402 81800 
100 12
36106 74537 97288 32900 67960 73596 71020 29372 67697 25238 31311 20998 
101 16
20446 18985 40385 95514 34930 25582 73147 58595 32249 77210 16959 69032 43781 70616 78088 54173 
102 16
52354 35003 98603 99980 19046 53568 19152 79514 98585 8585 53312 14504 7711 85069 35456 11885 
103 10
37898 3032 69443 46225 97035 76913 71029 45409 5350 46425 
104 18
25835 4844 10565 91304 8094 34586 44000 29800 22166 8280 33150 99872 40195 1385 465 25130 71482 57272 
105 16
51447 78249 52938 48768 94910 26600 44148 64936 55294 86995 45152 24002 10607 68037 95504 88984 
106 15
13369 55820 27316 59881 35643 23403 69932 41833 91734 3165 30504 48513 20920 58193 6056 
107 14
79550 48205 321 13672 92509 52031 18315 11429 82899 33607 2626 50847 61850 11806 
108 12
8220 78709 69831 56137 24025 14480 32057 78876 8632 41571 40746 40430 
109 17
36017 36814 78690 44771 80047 83469 28527 6688 73208 14563 31234 53431 96201 99720 10753 6005 1127 
110 14
18543 58343 60416 12100 73627 7453 55957 18974 58432 88693 89159 56354 58455 34514 
111 14
70445 1692 38153 55457 20320 15253 61427 1559 40466 79430 45472 8792 78382 97759 
112 14
63369 57312 80378 91132 72141 41284 44301 41452 77268 70867 52160 11114 17832 80573 
113 15
30326 16236 2276 54612 93279 42133 90830 68216 8503 9627 49465 77780 75868 35056 44803 
114 19
8251 83346 32683 55582 14111 29038 59624 88823 14525 95957 98444 54042 74510 92495 7639 50222 90368 41848 88592 
115 10
76397 58775 15264 44635 99249 50746 55235 5443 60419 96238 
116 12
17924 73207 90103 35172 44003 36649 87578 17844 39838 90934 20463 1333 
117 12
77801 47988 5922 25033 77041 650 77334 1511 67040 84600 60073 70006 
118 12
38829 64898 11010 35787 30661 25685 68736 53367 12280 37300 10454 82617 
119 10
59319 91459 76328 86752 40858 88914 14639 54033 72291 91944 
120 13
49199 86511 91445 65040 56191 75512 12429 66258 75355 27146 75472 49381 87492 
121 13
19182 11099 7974 51179 94287 43329 55971 74932 70547 33377 10942 82704 49864 
122 10
89613 22078 37843 98090 47800 78834 12344 70053 13385 55902 
123 17
20738 7972 22966 52104 18185 56091 93122 10348 15639 50208 18576 28135 67345 41563 36267 58430 72176 
124 20
24621 61355 24050 73992 27245 14060 85089 95809 42217 1761 22781 19998 50535 14797 90452 15396 72008 98554 59965 15639 
125 19
45043 98081 5506 11494 35507 36357 656 33912 24320 13083 24555 42699 11431 52647 25834 38475 27867 61022 17310 
126 13
26235 52847 80486 80097 89595 60367 66217 25398 82184 78172 81361 28788 60661 
127 17
10965 58210 94790 59620 38728 39249 20962 18172 9848 38323 57584 18764 77830 61255 53975 36716 11703 
128 20
64844 24791 70280 97901 61270 59641 39851 52782 76845 80845 91524 12263 3846 37425 65396 1909 23700 25020 5254 75475 
129 20
38127 80185 46338 41535 6860 3088 64007 1657 33848 354 79097 72054 99552 57394 37171 60713 36695 72361 21181 25020 
130 11
18406 74051 15660 67453 78772 78198 87349 83421 92828 52276 23705 
131 17
39690 93985 72683 6272 34517 34978 71666 10950 85533 46392 79822 72352 24483 76953 28985 56828 10523 
132 16
56716 56677 92316 48109 92607 10227 18058 92123 31805 74613 28635 93114 45033 18120 79832 29668 
133 18
55070 91673 86155 45686 21351 78260 33861 12428 87782 49987 84646 74057 80314 10438 12199 33453 7565 82122 
134 17
64887 41101 74298 88870 95907 9886 19313 16075 28793 67647 61847 24980 47729 47633 45846 403 5737 
135 11
5639 10386 35987 59512 30895 62166 60779 3207 29083 92939 54535 
136 20
59229 89139 44802 13761 40032 91654 56992 80739 30890 62274 59705 77442 58009 96918 71630 26421 98607 43787 13762 82340 
137 10
98310 57414 45131 34194 49521 32272 4851 50676 98244 5902 
138 17
38349 90963 26228 46999 71658 96122 32701 82677 19494 1245 19752 89306 9876 3257 59784 89877 17819 
139 15
54397 2234 12298 4884 4072 29872 35989 78308 59516 34165 59816 56343 46684 87626 7340 
140 15
81310 38144 15021 10582 69001 38510 70493 48853 52046 52687 49928 81907 89909 63228 2293 
141 10
61373 37098 52135 42032 33554 84401 11061 1616 27534 21027 
142 10
27708 52504 70926 25320 72905 41397 44876 69776 29870 23765 
143 13
13638 279 49036 83523 39825 77545 66255 52677 60993 12602 5193 2562 66161 
144 19
17601 68050 19783 36936 74147 66224 51871 82815 81337 5168 98171 431 82951 92868 44290 22337 90129 48185 74125 
145 13
91336 2947 42861 34266 10017 28599 8761 17792 43739 83509 18171 11501 17911 
146 20
93095 32080 98354 90250 73002 73303 59664 59044 99600 25537 78738 92092 75714 32433 49939 31293 14602 55777 88980 74324 
147 19
85475 25669 55169 77014 37483 53926 37740 14550 52718 63425 73296 19749 94927 22178 10586 35845 88118 37898 68662 
148 20
74244 73136 87691 38119 1799 80395 54912 62178 20919 58781 19015 78251 39506 48041 27152 29002 31811 24662 36932 95553 
149 16
13717 70882 4532 92056 95315 98219 99669 18366 91683 59973 21703 165 33639 23806 72293 37295 
150 15
96450 16000 63625 47914 57972 96729 78811 93103 7834 81884 4579 48953 16788 33273 17962 
151 19
32877 4080 7135 71319 3581 96716 65393 90385 45838 51485 8997 52988 88713 79395 38722 80806 51752 71380 77181 
152 15
42955 19748 20883 54813 79562 94552 52014 45217 97066 2597 43075 53098 99881 6495 7397 
153 10
14383 79354 85745 47900 52612 87655 20927 16176 52957 12029 
154 14
70841 85080 21049 5007 92325 75769 79976 61596 53038 42915 60864 67699 81495 63052 
155 15
93499 9061 40826 78110 20637 41601 74994 35375 95233 56899 77765 401 23530 65765 86273 
156 11
13469 15885 65197 1251 54977 20438 46885 42859 47307 36043 73296 
157 10
93822 28513 54832 50132 82967 76461 37367 54386 78510 38214 
158 20
59124 56358 40091 41869 54957 46500 76297 29961 40916 74345 18840 51773 24685 18337 7136 80158 37704 9689 59994 93386 
159 17
77305 1475 74531 28313 17575 5647 42404 33318 69649 75567 2286 41696 34480 17971 75694 95085 38822 
160 16
91727 71889 18127 95331 90695 3242 77017 27664 8044 11618 97339 51145 48510 41226 12217 25390 
161 14
45777 96465 98195 81376 49448 94943 45419 7448 51466 47263 79211 45963 58092 46570 
162 20
63258 21451 3232 68616 89108 20399 25561 57980 82818 77681 36736 57419 12791 71675 53455 63503 57452 5420 80156 79103 
163 11
99041 43547 36018 16713 4420 66424 49186 18620 27393 56471 10060 
164 20
72856 16202 45825 3057 62079 26042 50070 53669 26313 78121 2451 34476 55460 705 72740 57605 17900 2822 2908 42814 
165 19
70232 77458 56855 28355 37089 6338 82111 76135 81958 78600 57068 71402 78531 77356 91426 51720 33518 88798 29967 
166 14
87242 40694 56389 99042 91924 45485 13328 8073 48163 96961 94813 41074 89617 80126 
167 19
91886 62572 19274 9431 28225 18981 15259 53815 456 81155 45177 35985 60871 57990 36303 72109 80055 82163 3846 
168 13
20639 29298 92582 2077 45973 36460 52171 83448 70949 58465 28552 14881 63287 
169 16
24116 11989 89528 16510 69006 82712 83015 79875 6516 88125 64322 80122 98095 41858 25353 34351 
170 14
74964 66916 24541 57246 91849 80726 86734 51364 41142 83588 31028 22060 258 38329 
171 18
1041 76712 14190 96439 98551 83172 6770 28062 96480 19756 25686 93834 46997 33601 77844 8249 43211 52473 
172 10
9363 30433 78037 27524 31032 70045 42999 59860 94827 40484 
173 15
42684 33992 29838 39340 9252 27094 10732 56740 94245 26205 55434 38423 17147 61914 58050 
174 16
69983 12827 17473 22431 18357 54250 48836 7451 87113 3230 2601 93915 57313 56952 41936 49199 
175 14
91350 11424 4931 99355 87982 75429 74652 36466 62114 91584 77880 99140 30966 95975 
176 13
85538 28722 52991 517 80255 73924 2223 19115 16998 13606 10945 16357 71113 
177 18
56212 95196 74013 35086 79625 32108 58466 68856 24856 38787 859 58838 63728 41033 86060 56541 45612 722 
178 14
30541 35873 24744 52494 68949 37052 22363 15696 67149 15008 95541 7805 20627 48325 
179 13
21760 61334 34322 72636 2129 58435 19312 19539 90244 47874 98043 26311 83024 
180 20
22770 56086 52970 71005 98128 862 79716 3243 20863 72660 75870 84541 97815 53633 57753 65750 31588 87213 35394 54866 
181 12
88702 8538 73019 97164 33637 66738 45774 704 94684 72058 50000 9526 
182 13
23714 68537 35894 39468 59234 60370 98462 84912 43591 48312 49280 52557 32343 
183 17
11397 43021 12614 21933 58566 11152 88463 22382 57239 49796 95173 69806 13504 65872 24770 16414 83777 
184 19
33542 80850 64993 69535 30330 41179 66491 29786 33259 31799 56326 71043 34924 21874 87278 33146 19888 40236 98043 
185 20
23886 42303 51679 31531 18316 34603 20578 8286 54999 66884 23743 92716 8393 59268 22544 1773 23847 68514 1563 25879 
186 16
20557 95871 38500 9144 23306 71948 21969 62546 9510 85818 88442 58615 59043 94298 35534 8967 
187 12
20996 65305 8958 90225 1131 2104 89318 16673 71418 37435 14574 83417 
188 14
85832 89969 82222 98908 81597 6047 20310 77152 44499 85481 84003 47202 84319 79917 
189 20
88865 93551 50049 97186 19259 558 67725 82215 25200 86126 81063 46361 71241 75804 83098 66236 19050 97539 35951 59556 
190 16
74195 385 40913 43926 22827 8471 13152 92682 47540 31629 47240 72815 79368 892 467 38946 
191 12
51104 68432 9025 20994 18918 81370 65917 13430 6969 96170 90844 29405 
192 19
76387 50754 19879 92427 12389 13411 90510 31362 8270 98221 96130 35813 3792 43949 53954 62194 842 82040 75505 
193 16
9885 62625 77694 98527 33768 14292 52786 1573 96349 82723 33772 24075 5101 23224 39433 15259 
194 16
34945 89950 74088 12702 30774 64388 87105 49854 25795 28497 9573 70160 66598 43425 82197 86222 
195 16
20739 36881 78402 78174 27035 69838 40808 60511 12114 78693 53204 78761 73457 43280 17296 14697 
196 10
66180 49095 90527 21560 83139 33435 22238 89215 5115 13141 
